couches score
1   0.8526666666666667
2   0.8146666666666667
3   0.8513333333333334
4   0.8666666666666667
5   0.8593333333333333
6   0.8653333333333333
7   0.894
8   0.8826666666666667
9   0.9006666666666666
10   0.9013333333333333
11   0.888
12   0.9
13   0.9206666666666666
14   0.9046666666666666
15   0.9146666666666666
16   0.9086666666666666
17   0.9126666666666666
18   0.9166666666666666
19   0.9073333333333333
20   0.8873333333333333
21   0.91
22   0.872
23   0.908
24   0.9046666666666666
25   0.9066666666666666
26   0.9073333333333333
27   0.9133333333333333
28   0.8366666666666667
29   0.904
30   0.822
31   0.8693333333333333
32   0.8233333333333334
33   0.8746666666666667
34   0.8486666666666667
35   0.5986666666666667
36   0.7
37   0.802
38   0.5686666666666667
39   0.812
40   0.6866666666666666
41   0.6746666666666666
42   0.854
43   0.7473333333333333
44   0.8193333333333334
45   0.674
46   0.6366666666666667
47   0.56
48   0.10666666666666667
49   0.828
50   0.10666666666666667
51   0.10666666666666667
52   0.10666666666666667
53   0.10666666666666667
54   0.10666666666666667
55   0.10666666666666667
56   0.10666666666666667
57   0.10666666666666667
58   0.10666666666666667
59   0.10666666666666667
60   0.10666666666666667
61   0.10666666666666667
62   0.10666666666666667
63   0.10666666666666667
64   0.10666666666666667
65   0.10666666666666667
66   0.10666666666666667
67   0.10666666666666667
68   0.10666666666666667
69   0.10666666666666667
70   0.10666666666666667
71   0.10666666666666667
72   0.10666666666666667
73   0.10666666666666667
74   0.10666666666666667
75   0.10666666666666667
76   0.10666666666666667
77   0.10666666666666667
78   0.10666666666666667
79   0.10666666666666667
80   0.10666666666666667
81   0.10666666666666667
82   0.10666666666666667
83   0.10666666666666667
84   0.10666666666666667
85   0.10666666666666667
86   0.10666666666666667
87   0.10666666666666667
88   0.10666666666666667
89   0.10666666666666667
90   0.10666666666666667
91   0.10666666666666667
92   0.10666666666666667
93   0.10666666666666667
94   0.10666666666666667
95   0.10666666666666667
96   0.10666666666666667
97   0.10666666666666667
98   0.10666666666666667
99   0.10666666666666667
100   0.10666666666666667
