1   0.8406666666666667
2   0.8046666666666666
3   0.8186666666666667
4   0.8313333333333334
5   0.8533333333333334
6   0.872
7   0.8833333333333333
8   0.8893333333333333
9   0.9013333333333333
10   0.9
11   0.9013333333333333
12   0.9046666666666666
13   0.9026666666666666
14   0.9133333333333333
15   0.9086666666666666
16   0.9
17   0.916
18   0.9093333333333333
19   0.91
20   0.8933333333333333
21   0.9166666666666666
22   0.9066666666666666
23   0.888
24   0.9013333333333333
25   0.9073333333333333
26   0.894
27   0.9053333333333333
28   0.8966666666666666
29   0.7386666666666667
30   0.8826666666666667
31   0.904
32   0.872
33   0.6793333333333333
34   0.6746666666666666
35   0.87
36   0.722
37   0.78
38   0.8093333333333333
39   0.8546666666666667
40   0.5353333333333333
41   0.5986666666666667
42   0.562
43   0.6533333333333333
44   0.7973333333333333
45   0.6753333333333333
46   0.6593333333333333
47   0.7946666666666666
48   0.10666666666666667
49   0.6806666666666666
50   0.10666666666666667
51   0.10666666666666667
52   0.10666666666666667
53   0.10666666666666667
54   0.10666666666666667
55   0.10666666666666667
56   0.10666666666666667
57   0.10666666666666667
58   0.10666666666666667
59   0.10666666666666667
60   0.10666666666666667
61   0.10666666666666667
62   0.10666666666666667
63   0.10666666666666667
64   0.10666666666666667
65   0.10666666666666667
66   0.10666666666666667
67   0.10666666666666667
68   0.10666666666666667
69   0.10666666666666667
70   0.10666666666666667
71   0.10666666666666667
72   0.10666666666666667
73   0.10666666666666667
74   0.10666666666666667
75   0.10666666666666667
76   0.10666666666666667
77   0.10666666666666667
78   0.10666666666666667
79   0.10666666666666667
80   0.10666666666666667
81   0.10666666666666667
82   0.10666666666666667
83   0.10666666666666667
84   0.10666666666666667
85   0.10666666666666667
86   0.10666666666666667
87   0.10666666666666667
88   0.10666666666666667
89   0.10666666666666667
90   0.10666666666666667
91   0.10666666666666667
92   0.10666666666666667
93   0.10666666666666667
94   0.10666666666666667
95   0.10666666666666667
96   0.10666666666666667
97   0.10666666666666667
98   0.10666666666666667
99   0.10666666666666667
100   0.10666666666666667
