63386
26219
27752
57499
7705
61411
37995
47429
54360
69289
35725
65510
2196
12776
13208
53896
57907
2581
31647
40722
30082
35454
34453
5403
19344
2942
47199
64699
32550
9798
43583
52928
33387
46104
40506
3987
33464
39775
60122
44513
49809
7066
47650
11713
61831
63946
32629
62293
47355
29352
63089
14689
15769
20608
63475
43652
60006
51048
19090
35824
11725
65462
53583
34725
14971
48603
33116
824
35746
33981
32411
32620
6086
53585
33688
67446
62858
58837
41647
61817
25987
1467
32564
30572
49213
53654
6754
6082
56056
31437
19982
12092
3745
40099
62360
12490
62534
65585
60583
61376
30555
35223
6196
12744
53279
15277
17974
15824
43798
38501
51595
25707
64971
69863
29681
68146
42477
40653
46878
66633
38220
16726
18812
58049
45253
165
34514
69074
30034
33767
31233
51684
11402
20109
21415
13314
4172
2236
20353
65687
26532
12457
7654
10692
13490
29557
16305
16585
39135
12455
9578
1778
58443
37825
12959
49891
51005
6252
21958
67127
15927
63822
4596
19320
43060
41849
20954
66753
42602
11270
69744
50906
19410
61313
36571
24091
42445
18387
39119
40430
23016
61274
62260
50152
29554
25939
19716
35891
33107
5184
22131
58258
192
55574
30528
13571
27390
15897
50981
15612
55712
27180
10714
59503
58072
23677
43082
47948
65030
51705
66338
6438
30107
23708
65240
43447
69670
28817
24655
53902
28594
16939
65220
42401
63211
31120
31256
15387
60767
42995
32710
67733
305
13182
34526
42229
59038
11894
23656
16
58835
37147
23289
29429
63212
65354
15252
64473
60444
28777
8456
66474
25597
5978
22530
36094
52141
44195
5388
29561
56697
49099
62917
55135
45499
31839
28964
33387
626
1316
614
53834
14857
45289
30514
68103
16048
30227
44668
9852
45832
68477
68573
56889
57092
25674
3710
12374
20728
48531
8398
14967
19034
28893
67004
14571
1384
38021
18954
52588
68461
29079
45555
48698
38458
68749
57997
68125
17951
49630
9628
9314
21741
56617
67307
14690
41992
36350
26200
44317
32339
1369
35329
6214
20938
61764
43105
18304
57934
64998
47506
36421
51440
59070
16554
29351
49055
53722
60390
17729
20498
46893
18400
44926
4953
57934
54510
68973
55417
1938
7623
63129
7008
20109
36686
43782
15191
57607
6210
7068
51238
66868
43988
32921
22829
39972
46944
59305
33196
41115
61134
19407
15373
66494
56838
32296
49428
21396
20388
66670
59843
11464
3387
6042
32893
8186
11438
18671
51151
61563
32174
30580
20168
37581
54944
2873
52153
18531
28594
57278
13514
62962
12081
31709
38771
20659
27778
6938
2480
11785
15682
60587
56486
60198
1260
54062
30973
22978
68468
51715
56873
33642
39596
63130
1393
51205
52545
13980
34847
3711
576
18876
44960
6518
36268
47546
60073
69901
8314
41149
60853
17478
34628
64146
6272
58196
59840
32566
60254
58107
48836
69634
54596
9016
35826
14003
69624
57524
15935
46457
36633
23822
3441
23619
10605
10798
31902
58911
22459
21206
20624
51122
59276
41548
21801
34593
7024
3536
6091
48191
13417
11854
27549
11241
55685
19888
69142
999
54943
28615
57003
5408
35099
11724
29197
39491
39499
57228
63048
48182
44994
69953
58615
46544
255
26799
11797
650
29665
28943
32710
27954
16656
53421
34599
20587
46363
64735
46938
6482
67802
1941
33898
34213
30472
47520
54019
15266
47440
33531
6320
11263
57244
36403
21376
15801
69948
18516
35030
54637
61649
32434
3298
9389
10845
8254
64939
625
6029
6239
22935
25552
65113
13744
14937
61540
6644
44866
20394
42842
54978
59059
32804
67044
32556
69751
41670
33111
18665
39603
58646
14003
43311
7884
56444
13184
31312
66
27002
41121
12080
16189
35606
7731
4663
25365
58158
62884
3022
39159
5096
44250
36865
6135
60776
47802
61966
27741
1563
15971
50754
22889
663
49707
1611
14722
53710
9981
24695
4418
69552
618
46313
1764
55527
65645
56152
38812
60374
35510
24548
63431
4559
38432
53689
2803
20544
35856
64987
17750
36172
13566
25934
23298
57835
6647
26756
39892
9839
11875
9474
66891
56200
45620
38030
95
33170
4655
56124
15761
31409
16171
57161
67134
56035
52973
36542
6580
52921
24715
16940
54186
58631
26268
47237
402
2127
46547
26219
66529
21296
45561
55401
30186
17618
69794
46990
43896
55221
13715
30791
33447
47895
38021
52938
15987
50738
35063
4938
29499
23404
11495
35180
10240
40922
16273
22557
42888
9994
60258
47769
63973
21392
68397
48613
30650
58214
34051
10375
55990
40138
45816
37011
14364
69368
17094
3417
50793
12121
37630
22510
44600
13013
42483
56572
62792
25423
43773
60887
40782
17376
67205
12560
53778
57943
28575
60649
45839
39099
3678
31582
41135
69138
39558
2379
3622
12710
59501
33830
55596
7223
2497
56440
64765
52379
55038
58894
66582
25155
47364
9408
4750
60765
18709
34884
27147
5707
45461
62955
31184
1702
31515
25564
35568
55375
68861
38337
63963
27103
32629
1159
7635
38911
27572
16083
15706
68408
18023
3160
38937
43892
15604
48730
29033
66960
27836
7426
41053
40214
66775
50118
23647
67284
69069
25587
41590
39975
33463
6388
5358
65905
47946
25794
69114
39186
10245
57672
12716
52605
1653
30260
52374
52513
20115
69873
23616
68639
57044
59354
9370
21762
35149
7139
58613
29199
30117
48318
11283
13303
37505
13951
53960
44133
60385
33449
35835
253
65431
48285
32650
39628
35307
53079
23249
17414
53898
14710
65647
52059
56608
6679
6757
20623
48309
55036
26540
4570
10236
54971
16512
66284
17680
67839
1103
48487
61169
26932
33478
41249
29744
27083
19429
69650
29665
63866
49337
17815
59360
64299
30323
14759
3587
15673
19573
61409
1428
68734
53260
65053
9173
33290
67962
8533
48397
14237
67061
5399
43688
50994
15077
60219
29064
64793
24632
62436
69843
66943
18151
3986
7992
46146
8375
47191
8474
15683
26771
33954
4064
23145
69819
35094
4061
42595
16525
21635
8533
22679
27004
20327
39803
50457
5879
53429
68618
66351
67566
41739
52223
9870
37662
16025
57316
26410
48772
55463
67219
41622
5196
57713
44508
48819
41888
24607
39943
65335
28203
30855
37120
36362
47883
59262
4864
55050
23840
43621
19793
11843
28984
35886
61899
24773
56700
51134
5798
35910
57043
2901
35595
36308
33646
19716
2740
9234
35462
63285
67056
21340
58654
39600
61352
4839
28349
2715
59729
48293
58417
30975
58332
47605
66518
54075
57779
21065
47374
63743
4710
24452
68716
2581
50965
21722
48222
56844
64313
39387
16599
11039
69048
55864
34583
26108
15395
5319
33020
27675
39539
43535
19921
40578
284
32483
51740
45153
46763
55391
1911
28531
19138
41169
31821
66694
31976
68377
49651
32798
22826
2583
69870
50238
32856
34787
14096
13773
15905
34352
35765
5817
69373
50133
7335
61919
5383
42360
49210
33864
50761
36068
33092
53937
55008
28002
11482
66630
56947
21556
7327
42511
43164
51520
6043
56379
11730
38086
21965
19897
68259
28662
28448
12131
1355
1610
7768
65655
20882
8763
61254
57435
39011
11550
38295
61121
46001
49247
21838
38213
20873
10004
8474
33725
28868
25051
11915
55450
44241
23532
54837
23628
20715
42371
53409
35486
4510
59156
30285
63839
23535
61876
26367
29556
15063
62058
62205
365
62673
57215
10920
45989
25241
20634
539
38769
44016
68356
12984
42834
25988
16393
49699
67419
69031
19494
38811
28078
29864
9462
66512
55556
46683
37652
34623
15150
32398
59721
50165
25361
45521
49289
8422
45600
13738
69839
55291
15539
57832
20007
15576
11415
21691
55629
6543
64105
16128
31455
3337
62283
54084
36009
33336
18789
39012
46720
12210
17886
37028
11108
25812
53880
19872
28666
33922
69016
12198
59429
65696
19583
37240
38831
7129
58364
47605
6095
23801
46305
27081
24583
18207
20097
56221
41709
62848
20347
66488
30614
46804
12548
55414
34186
2544
31547
16462
24997
29611
23894
34338
30051
36756
45134
1076
47620
44556
67942
47737
56523
54060
25895
14266
13926
60677
37861
67859
37886
25111
45934
8663
68243
3059
6872
22195
48918
53221
46958
15162
69767
4300
65074
19782
27399
38142
26769
6296
49749
54944
37883
41805
66613
45706
38367
40142
50108
46337
59256
16053
53164
44465
32001
25247
12123
68403
61876
13048
30796
47566
47911
197
11158
53654
54795
433
65878
57049
23203
3642
6049
9041
11287
62227
16019
17002
23011
32978
45898
50614
6769
20926
17575
48489
42998
32010
6029
64036
36620
59296
32014
20551
68982
1024
251
40784
7475
9482
26580
18809
6832
3767
34681
20494
32830
5114
34064
58199
25943
29057
38833
45675
10645
31828
40982
37585
2645
24350
46615
50800
7222
11582
53067
40796
67825
44765
19902
7692
0
62341
9740
57333
47764
14707
62325
14467
62563
33387
44137
53971
40292
44489
32277
4420
22595
61549
69205
1539
55905
61785
412
8452
38170
40515
34557
40600
42830
49023
19228
29807
69981
21721
20096
33939
61010
60364
42832
8186
5789
62698
21134
8510
4758
33123
2086
63323
47091
26081
10635
40141
43806
17400
64427
1192
28721
23796
58213
13794
20651
23705
31559
35687
23128
6974
18838
2879
64731
69650
41081
19600
30748
55089
46112
19534
65995
59896
258
5395
65673
24631
24102
36510
27967
64132
9164
35534
29941
56337
60558
49687
3809
8078
66559
63656
2758
49942
26635
9263
30468
2771
62847
61945
26426
60846
59789
64544
16417
23721
52765
7951
21636
67718
27189
25816
61094
33257
53507
68248
59556
7437
24985
50230
25215
42217
38695
60387
17590
24817
36144
3498
26950
57718
38192
36988
39940
32013
9737
22885
63879
13965
38064
26243
22857
4354
10815
36420
10593
9194
24393
55609
28932
22566
41287
6487
31770
39470
47214
46843
24189
57270
62190
20965
35155
48093
31186
34401
26767
52721
67387
6934
40334
55193
35318
11190
69704
45975
48564
9727
28480
21702
39527
46835
12562
45307
2077
62490
19932
31271
40319
23792
45775
26093
61305
2999
29131
45966
12284
40991
24162
19251
53743
32894
63639
47992
13411
5533
47750
32725
40302
31297
50954
13955
9177
59466
23646
52412
51272
11836
10701
8567
55699
65730
11108
46107
24844
22873
5383
39058
39285
45827
12158
24933
49321
4203
38126
17698
58510
8258
38674
16110
16733
63810
34352
10878
23451
55209
17913
36720
60569
61621
24206
36522
25978
55098
49419
41915
30116
47189
15917
50506
58998
64366
45622
7844
48238
40397
39828
2916
23268
22532
25134
1309
49108
49681
26444
32928
64330
12845
63303
65487
44745
3061
59471
36386
54347
36311
19957
18610
41822
31111
9424
45073
23714
35336
1460
24525
23844
29131
16144
16055
3500
39376
32292
66347
43128
45428
21735
42913
60055
18518
63881
517
14863
53145
11648
37733
18563
35377
51622
19176
41383
66797
52547
1742
26123
48830
36960
20043
6912
19927
42354
18161
30593
24182
64870
39657
27087
54824
14647
62310
60435
38559
31286
26347
52637
38021
60941
51264
38656
28488
23231
5236
20848
11240
76
65133
39202
49727
27143
42839
32150
38571
55900
1424
37819
57194
46616
51726
59392
5124
69431
18532
13469
17439
12809
23771
601
22505
15378
24735
7246
40903
68890
21479
1246
63963
1025
8637
54935
19619
22806
63754
17011
26338
14275
50201
13135
16748
33404
53278
53581
68489
9096
16970
47540
55985
18894
65757
64757
68479
46230
12160
8814
7106
13478
29965
7253
56437
15093
54254
67006
28338
24596
57288
35558
66605
16179
15702
64293
48022
40436
66441
23135
49025
25493
57688
43836
16037
38748
4658
68098
50851
48771
3828
49061
36525
65547
670
53675
17528
13169
45715
67760
64023
37395
9143
36256
43475
45095
21716
42186
14470
29342
24365
45095
25760
66638
6607
27147
42205
68428
637
2191
29684
36657
53715
49685
31804
45587
39222
41864
11498
55869
3371
50035
29049
44829
26481
38537
61760
15442
65825
46290
36979
20965
17777
20851
62640
67539
60160
36447
47755
39457
7472
42868
45334
67496
21604
9493
56835
67765
62212
50102
31239
49198
50853
6979
22895
42744
53651
20953
60864
4957
12100
55182
42063
24829
42862
69887
63375
47285
37419
33878
43511
6575
59054
55279
32356
18046
34500
52863
67898
44314
67916
27540
26823
11131
14772
38612
68822
49728
54447
16495
43702
10259
8054
56992
20317
690
27966
60349
8259
24241
3975
28176
15520
56809
50313
37581
7367
794
63960
43296
51589
15813
68604
48600
23530
27359
27803
59574
34640
36866
59064
49128
28662
1195
57706
59358
10711
43485
11033
52591
91
16134
57565
68364
42809
64343
37223
10137
43220
36436
12364
50396
56374
50904
64805
498
4370
8588
27145
14428
54433
5321
49790
7671
57117
63519
63726
66579
53321
37804
28596
50212
39048
66017
30555
929
41235
4955
68120
5994
43498
16393
47288
27407
62671
36592
37006
13053
60951
45155
15603
55574
50366
42536
15555
55951
64413
59991
49160
35710
49174
22122
57822
33040
31840
67736
61422
8010
25827
34409
16591
47332
31467
50543
36373
562
57694
25336
11077
54931
36259
13217
30850
35441
17966
6964
65414
9795
42470
55814
19555
27134
57649
7523
38516
15376
3426
46980
4987
56125
44771
36394
45690
41770
17920
26124
30866
45804
45959
54543
66448
56785
44010
32694
59839
59642
51238
54247
3259
44843
45837
10824
19420
47219
42916
34639
26757
61786
57354
46644
69569
4001
8641
31121
30181
31265
14392
41216
16221
23939
27212
16333
1959
30187
22787
51758
37853
58895
54333
43177
7609
81
32083
510
60366
8921
35149
47268
61272
35092
20230
33118
61017
43291
21269
28103
64770
287
60398
49313
53238
54140
67442
51132
6385
49104
66658
15711
39
7831
69317
19601
21320
43370
31336
19569
68631
42433
23942
66491
3878
9043
19551
34737
64007
50148
52184
3269
10704
44812
51514
58482
33549
63609
56092
6323
11451
31837
29353
45814
16289
15586
55040
58607
54208
48574
15222
9565
27877
52887
45004
24958
44090
38461
23577
46178
18214
65428
25326
27373
3643
32460
50344
92
28318
53022
46836
39626
3588
19421
67974
50766
23599
34532
69300
11097
1647
55706
68864
64809
67512
30088
33893
53189
22277
12583
61627
4120
55880
64025
41821
52507
60372
53102
33389
46903
46612
56609
11686
40906
41670
66313
10644
18368
63129
3194
7667
28729
6256
30121
59289
23436
43247
12127
23371
9925
59595
708
17631
51062
64483
67845
9464
69494
33285
35016
15578
62211
6602
20747
21613
63825
26619
57706
32706
6288
5153
27134
7951
56588
40272
57275
994
26673
49840
31802
47962
30658
10342
28115
18693
60414
9280
48708
18839
52569
15489
15298
20422
16287
63844
62765
1143
57074
53495
33887
49655
42608
55461
51041
64681
56329
23586
69735
16935
51288
58577
26761
60244
49728
67307
31068
17105
21824
20137
59514
49438
21828
64358
61303
34221
5499
40734
42625
7389
25532
37138
35606
2
15290
28728
10842
13883
34951
68542
29547
35796
26037
56721
2983
58566
11902
38202
4968
12460
49796
48343
26008
12415
35114
46465
61014
31094
5841
68309
10207
36123
26411
18145
22218
64650
64939
59332
42675
1395
21609
15964
69801
63454
15766
49261
64567
53009
42586
8509
9716
34512
10783
41897
43852
49502
67205
58050
67034
9730
14678
15550
8246
69868
39520
11765
55005
63073
33119
32671
67584
47109
55689
4441
25392
15133
62504
56940
30126
47499
12599
23314
22231
62532
49389
38384
69435
43556
4602
69840
65757
16014
58056
62524
53171
64127
8542
10686
16081
35588
16011
19110
11497
25523
63570
15247
21848
12239
25608
2551
54108
25968
4943
24181
14387
57156
38082
14932
25079
2135
41820
61234
62409
8483
13610
2620
19508
53074
39571
26339
552
2812
7242
12288
9567
2141
38727
25027
37928
10971
38728
11046
13114
9847
23400
21778
25285
29557
9604
48428
47687
54891
46801
6502
32072
31616
38862
29886
55334
8088
53167
47590
50290
49854
18484
62022
67716
32868
600
48891
58019
58042
44390
7088
11114
3009
67016
11357
47740
10353
31160
14056
10293
30534
30743
62983
69995
24362
30154
17293
27690
22054
5968
35819
35585
34973
44937
49730
18448
39689
28796
63905
7869
48948
36456
46138
33235
27593
42800
47617
57496
30195
4913
66447
59805
61535
32830
12251
32763
38471
30361
42231
34628
36307
11971
60808
45130
46304
50754
5118
29420
68963
61229
63335
28020
4966
32354
4563
63036
2910
65854
43984
60400
21541
68053
11338
44722
54859
47872
48968
42414
22026
60352
11714
11024
19337
3827
50970
4333
6317
28250
35323
51429
4543
53687
24595
61347
53964
24505
28358
436
52984
30406
34917
45639
27847
61396
58061
15591
40707
38900
17363
60008
64983
62998
54046
33717
47825
31774
47246
58330
6929
25194
13072
46549
15048
58325
19831
8286
47461
53382
44661
10123
9582
24232
9930
20788
58938
44753
63382
32406
53835
5601
47519
47499
8568
24205
38730
27268
48568
24043
48683
44191
61402
43334
1678
66550
57702
32805
47252
47172
62744
29166
21793
27324
49515
10976
17992
64343
54936
65512
53595
6689
49776
46400
38500
35566
54437
38905
32051
2210
64154
9210
1001
15888
55164
10088
55159
47303
27102
31682
52569
27494
45453
21094
507
8041
16040
64889
47384
26351
38975
30685
65126
29690
1978
49876
27743
68368
60558
68773
16072
53877
32618
51778
44522
609
44626
55441
52571
57027
35184
46443
45261
69586
38466
69969
59804
21271
67497
35141
13219
43284
44135
34810
55032
27923
50946
44914
52173
4291
22573
65622
43045
65187
26626
19761
54604
41830
55916
8433
46046
19742
38434
46426
24865
58067
49321
44041
51215
58048
6176
66024
19742
30423
41696
46027
39843
68095
13791
57363
17182
25327
20203
20835
16837
18653
13138
7190
14673
42954
7189
47073
50118
60472
40938
41686
23210
9056
32284
22920
36999
3117
25989
46937
51062
31562
27080
36363
34161
2745
3932
27515
28181
68879
33616
46649
13882
24802
42211
9362
41046
25006
47155
48797
16460
10569
24041
12043
68040
41309
13313
18703
18233
47976
67556
64559
8568
1862
38818
48915
49918
47864
6679
35807
3524
45351
50606
17254
27585
21367
34539
21775
57423
43501
31770
17370
2490
38052
8502
16401
38452
29430
52677
50242
23652
30441
17351
22735
17776
19309
61689
5416
60606
20748
49023
11089
6641
42822
26431
48270
16271
15146
64510
54997
6838
40842
42583
42999
58256
68408
12153
46658
64941
54308
10553
58384
56205
48547
53459
61743
67636
26541
67690
33728
58447
37550
49673
24703
43329
5798
6957
1301
9108
61870
5039
23975
7161
11406
45958
38473
773
41322
25738
31905
57062
33836
55662
50756
60277
63593
66567
29828
3186
63505
22366
36821
47662
66171
28322
34099
15978
13882
53524
34799
25363
30653
39209
60188
32392
23117
51246
67042
21681
45691
26324
62542
23595
37622
67057
4265
27868
55139
6428
54066
27446
10967
40107
33923
34026
25093
31808
4796
2224
17528
69222
47940
42633
69579
2468
59055
1014
32145
32871
19557
41078
20275
67336
38856
55778
66678
12263
18120
48791
69167
62413
37783
52174
33662
54691
33760
29518
26486
55039
33187
51527
58725
22617
43210
69284
32195
57438
47706
15847
40821
65458
2122
14184
29552
58713
4156
61926
40826
42146
38704
66903
48525
26793
56909
16210
16317
49727
46231
34898
64689
56816
40195
57915
39192
5858
28995
56978
53519
385
8881
42376
44138
35181
29201
38394
23788
23339
51228
7006
67109
9457
40282
4322
59543
18075
18642
47971
15385
61209
46383
39052
12103
12399
467
44014
51525
68140
38575
23579
27784
25243
39823
66199
20401
36708
17564
65219
55076
59794
32248
376
39142
4737
25567
7540
31491
63500
62279
30855
60294
66342
54571
55694
24851
45140
41723
31659
5841
27152
46645
27203
22883
40324
46405
43832
33879
19372
6540
5099
43859
511
41448
40597
33447
64431
53065
4251
35842
56054
67902
45893
35137
61375
49627
50097
44207
27085
10724
49136
26323
66096
27930
53935
42646
9512
51998
6587
60497
53400
54400
16928
46207
61645
45955
16584
37763
2867
45689
46434
18480
8637
17034
19357
31522
25699
37415
38032
18810
2376
44047
66669
60866
18854
41829
60040
33185
34940
10482
61495
5007
25297
42781
51826
12483
51636
6067
41228
1672
52691
27726
29236
40526
60503
69588
7728
5845
16474
28401
69849
49268
51577
39412
19915
42849
8834
39729
17620
38934
5087
33460
48246
1794
69065
45333
12297
41524
59306
47219
54131
47534
20524
5807
11185
56173
38146
48606
65900
27710
60764
8004
23985
21326
30291
14129
57727
65794
33969
28018
824
68135
8614
30276
3891
2403
41878
46224
33834
27048
23393
42724
16613
52635
13253
45531
51966
32246
15476
36882
41421
61758
41283
11556
39769
35472
57331
67790
24870
21628
4430
50549
34610
22893
36612
37866
69554
48414
61144
1306
28674
13294
52080
55903
32715
21840
17674
45710
43307
34607
1754
11441
45896
9804
30267
29423
54828
47195
24990
55560
41795
64541
25967
54494
26390
23817
43840
20260
29227
46018
63119
45626
38543
54800
32983
46328
13829
33505
20451
58886
38103
5798
24001
24323
39149
15724
30210
24279
55427
40319
63799
36546
56411
20422
25233
65720
41214
9441
14166
32591
18888
28790
64103
13556
62059
67640
19845
7828
7230
53191
41732
11138
19716
11750
56615
55373
45987
27250
31753
65219
39161
54341
9396
57047
47423
21014
4197
62714
63927
39331
10449
17623
61723
9321
41814
18777
5395
69006
65626
33168
8368
56450
46299
26380
5719
61616
24548
10329
49006
68509
68759
6975
40447
6593
57278
17294
17899
28465
34316
11353
18040
8728
35420
41487
53264
22589
144
61406
26949
7290
62874
8443
53652
63123
43496
30760
48763
30537
19694
62314
56365
30668
52677
44605
39061
14858
39919
53848
7597
6384
68482
19568
64950
29555
41870
18480
11757
21488
30807
39247
61188
65793
22387
45940
7564
49585
35202
1067
66060
69009
38228
62936
40088
50554
10053
67192
29480
68925
20071
26739
62355
50599
33149
14148
33026
45024
60773
13605
57499
31994
18151
24506
45944
11538
61266
33114
35404
20428
30780
55515
43916
29358
69439
43702
12853
47671
28507
17511
14409
12662
15712
68374
67983
13557
23136
30448
18600
34688
18457
45799
45167
22748
47144
56210
32078
15490
21290
9048
66768
10766
16301
9321
66432
33360
41245
69061
46096
52472
6615
48984
44641
47652
1335
40411
40311
416
2936
63867
69438
29142
7554
16197
38314
27395
69212
16450
61898
18273
38980
20829
58241
59907
31588
17947
54214
20992
25181
13273
50495
15566
24341
63397
27008
24519
33352
60510
51364
57556
26813
56577
1197
3587
36362
40916
10244
5291
33822
33238
3376
28016
64046
66173
38092
36938
56020
15684
50615
10082
5322
45133
6526
28199
66792
54553
35779
20574
47897
11880
48488
37598
35084
59809
50245
58478
48135
38490
13731
7883
48000
482
44293
2146
14768
58237
29305
15556
11134
60934
61458
66275
58693
52985
41238
1576
14768
30024
21705
53942
17553
63392
2645
58468
26754
18527
50997
44295
66056
28590
18736
19843
63141
14787
23412
53311
49396
608
29832
18975
50422
30552
63256
32207
6392
53301
49539
20503
13
52972
20021
19035
10482
40023
5913
53436
43961
51240
58209
69514
33474
21294
31308
10740
8936
14778
47185
23085
68138
31593
43208
43919
21789
55290
5030
40063
25376
17293
30959
33815
396
1681
7001
28170
24144
32957
29300
9218
17795
69996
19986
5328
17294
48362
56031
17888
16540
67441
34890
12482
37337
24717
29214
32858
34868
43634
1521
7917
330
40181
16422
28916
53665
58748
51954
8315
36462
4135
14284
33935
41630
63031
15025
7851
45107
40544
63131
42259
51727
60852
38545
15867
23239
45692
8797
12910
19171
27718
60820
67721
21164
25097
44443
3105
17895
5210
69302
9158
2583
5209
63034
54099
41727
48953
52434
43556
24459
68890
24739
62937
52917
1088
7018
3884
3310
20021
27094
7227
35275
24847
26797
40009
19955
56054
66607
23673
9042
44601
59888
16247
67616
47171
25016
53205
43279
762
38112
68250
45570
4581
50003
7754
58191
43308
16314
45420
21284
44524
62306
44247
43420
16148
21010
27196
66825
50781
39525
29314
42650
7959
32545
65818
15561
13671
59552
51827
27232
67472
16480
47239
21728
47972
20977
29878
55749
59287
23955
33566
31073
68487
33397
60025
56527
86
10476
54226
62654
66370
63725
62489
39720
16803
33238
224
6984
2010
67718
20435
30177
25797
42989
43178
26770
68637
4195
64992
55967
16530
8620
65328
32186
40234
55652
36306
92
12441
15270
30549
68747
20483
53838
28600
15903
11542
60199
47881
40609
6847
22174
40888
28194
2357
984
64128
53273
68857
48938
62236
596
40913
20490
24262
53160
68684
14420
14918
61331
23211
37963
3945
43277
49401
21970
69793
67697
20887
7213
53642
17009
17702
48011
14823
52198
60243
30336
14854
3890
18492
11802
22010
51803
7398
39938
50911
52594
13918
21653
50496
54089
19107
20115
21838
37000
11195
50407
49396
11055
23928
27384
62339
14002
3893
51985
18745
12680
30427
37425
31088
62528
13495
11264
5929
6089
56141
50238
7805
57246
61482
34635
30961
29895
25386
6725
7663
1669
7018
51263
44924
65796
1374
66186
55233
7603
63397
35333
30472
64141
19057
31662
16618
21687
35492
17067
51191
67551
14352
32063
58019
14005
20373
41448
1303
35302
61890
5481
23367
60974
52835
4170
21234
20343
30616
14292
53482
54553
36564
48836
25546
9401
28784
334
49944
5560
1296
24393
62910
44669
66412
32096
35361
56982
44424
30208
61790
45555
27340
54226
59861
34400
50313
67486
58270
47637
63652
19503
49397
19024
36776
41444
50416
11679
23273
24109
22691
55507
68342
37784
35428
44945
63481
65562
45620
28765
35960
18343
30864
31766
11384
19088
63375
28178
2832
39169
53110
15327
66324
43284
17900
31383
12674
13672
47446
29788
67026
11388
17877
42956
37117
12139
15401
10940
1180
18707
52129
50371
54254
2287
18794
53284
33135
41079
53297
58280
51545
60361
66672
69077
14639
3639
58618
8502
57804
48542
32318
33913
16146
38250
55765
61405
56100
25191
49426
46263
42725
55559
26444
1984
26527
53939
48409
54318
59340
48430
44426
21580
35671
18655
26972
53446
57112
28498
65809
20009
29195
57283
27925
4526
27479
66096
44477
319
39488
54934
27875
68684
53391
51608
41353
26391
21824
19023
64401
29446
58391
55975
56223
950
8109
37480
15095
24670
32627
16858
25390
29942
53552
40159
46783
38544
21116
55778
40300
23759
50752
1288
47106
30155
67370
48752
42219
44566
39393
38344
61461
47064
23766
50520
62746
40026
68729
28421
17863
25574
51357
27141
46055
50108
22380
14261
45481
65987
46125
18153
55161
68290
50719
58589
43808
15814
8995
21306
5821
347
16751
46909
63315
58296
62945
28988
28184
64847
13022
25917
61301
19387
6206
17849
54579
44094
35212
58138
68662
59288
64030
2500
49783
56146
61240
49844
65577
12952
12326
65393
58320
24988
15309
44156
46159
33087
41826
54539
58924
3063
19919
37533
34895
9444
19729
68007
28130
29498
40159
21863
32898
15622
28760
58695
41199
22583
59886
48122
18938
66993
13221
29895
45803
9453
41663
16623
25262
51260
23283
49090
45904
21853
45987
38189
44113
17296
29167
18658
24198
38358
51529
30020
16197
64834
7452
48687
54161
61913
37913
53816
22547
24109
2526
20345
26383
29660
47188
42963
53878
17705
49206
51243
10985
12702
41590
8120
44251
10793
36011
18413
40491
2629
51194
22909
50887
29653
69966
21854
65353
35633
49162
54137
56022
53068
20772
243
33618
6189
26021
59017
69354
37955
67870
10914
65122
55445
14942
27828
40767
52965
33105
65854
38592
48817
44737
13939
66577
59198
64549
55758
66255
45569
65483
39537
47288
32716
65535
22407
43320
39904
9950
29761
22994
40719
48512
23369
34111
56103
24400
38577
41450
13650
64500
31147
62455
10190
48456
32042
4384
49139
34688
21130
14297
8782
4274
59039
45764
67834
31390
542
54673
61795
38846
8619
34652
33354
44076
48495
20112
38224
32148
54201
53279
12003
54876
35095
67999
3893
6056
67480
38716
7084
21123
1119
22513
4555
8131
14903
11767
48888
21601
69946
53191
1155
1340
50767
42626
7831
20426
62758
59858
12157
51966
51620
21463
46083
14582
63470
42460
57414
22298
2836
67620
6524
60805
58014
8322
32596
15336
60581
19149
48739
52317
64031
38428
43025
61889
28825
19029
45312
61835
25460
69955
57263
28354
8788
58063
62740
22482
1417
65366
32845
58238
27457
30467
44233
52419
44244
41178
1397
12659
34157
48250
39356
8257
7184
21432
7819
45089
7717
53064
16675
6278
62369
48386
44825
46295
17948
19910
4001
42074
52493
27751
54488
39602
13502
35105
18287
27416
5913
41485
29001
728
6779
44656
52125
21130
13096
15414
60535
63157
4114
62038
35338
17791
16327
8324
22216
15783
43635
40389
16673
14512
30530
9999
23095
66359
58247
25774
61055
16763
12724
43111
27272
69134
10616
44442
51225
13847
17376
59213
12019
65081
6069
4192
3253
26375
25238
58854
52436
67841
38054
67158
60445
60497
15147
4399
29920
33365
54182
5882
37899
68183
27078
69581
54447
43015
41214
55970
16378
37112
23970
1126
55713
62242
9939
26428
39871
16984
40908
57462
42344
55635
25603
57969
69394
23518
36644
38534
874
49935
56055
4533
64360
6355
56502
34320
42593
14873
39353
11009
42607
58411
47685
25921
37709
45048
43115
25274
41350
2780
6642
25912
23681
3525
6524
53734
46461
17074
26222
40105
36317
68627
65838
12260
51127
67748
32970
66649
45323
23066
4333
11635
36568
68572
12506
59833
31718
27407
59103
7677
35095
15305
15964
3689
41617
39662
57994
9575
65457
24495
294
35501
25113
48063
3129
61513
20059
30912
47024
24826
33788
347
2872
1622
1203
52426
23874
67105
16183
68928
33625
53732
66801
53470
37002
29858
17429
2683
69474
32076
65114
24015
65817
45235
67894
30838
31705
64065
904
29206
39020
60302
42203
42609
66972
45490
59685
68379
61472
17862
38162
46717
15525
51252
29082
64321
27688
49721
7614
32393
49554
26800
26095
28787
59236
62870
4446
12078
25166
17430
34205
59415
40648
25752
14228
10241
51127
49056
50804
7462
18052
69774
7638
54485
26517
15507
61173
55852
35317
10044
53729
29418
28851
23598
11820
60261
26927
33384
4063
17629
36905
56988
624
49686
41174
54626
49553
1726
64372
12703
27557
14502
58611
15473
49764
46888
16922
53214
984
38604
29269
44274
47692
928
36764
6883
12957
28336
57888
5932
42049
61815
7346
33150
19144
60149
51125
2690
31077
15033
39524
54359
35540
10535
35321
40258
59352
444
52326
63484
39013
29243
30866
27020
541
55069
40090
10285
7377
54753
62363
7554
23831
45759
36238
32421
11451
64801
10032
46676
66289
17176
63161
19980
2588
46385
1780
53086
1405
48526
40612
46427
39542
1420
9552
11711
64259
47293
39111
55391
49866
50577
51995
62747
43091
62364
21712
22246
10353
30557
51610
12739
66568
66946
53276
44685
9649
46125
46223
67367
15105
35867
25453
10610
12801
52300
56466
47672
40979
43731
40208
12042
10639
32277
9803
61005
10078
65366
66019
31421
31249
34668
55991
12222
56478
47452
37467
65406
45137
61274
63665
23184
27929
28113
15889
4317
40364
25991
58957
16177
67917
47069
16684
15869
30222
17970
4877
29370
68620
45418
59709
32691
45704
20812
39352
66277
69076
6946
58561
39541
38071
16055
68793
32009
41918
37342
63686
23777
63943
59448
54838
29767
56651
34549
65533
23272
3464
54788
24314
29371
27440
679
28391
38323
66338
32003
43474
16265
12986
47528
30092
24368
63260
31859
65455
64875
24066
31399
13845
1708
6548
47038
24348
65174
2679
22327
39683
4304
36569
4419
990
51212
12390
5000
8129
23794
40911
60051
57389
32040
16992
38357
49641
30606
42103
28596
41470
35089
46043
7979
23472
11596
29283
64412
53184
